31764,220,3
1,4,0,127,0,99,182,53
2,6,75,230,70,156,286,169
3,3,47,240,135,98,282,236
4,2,81,90,103,189,165,159
5,1,0,54,41,88,118,99
6,6,146,0,132,230,56,223
7,NONE,-1,-1,-1,-1,-1,-1
8,NONE,-1,-1,-1,-1,-1,-1
9,6,156,226,104,227,299,192
10,6,75,230,0,163,315,70
11,4,99,113,162,179,168,243
12,4,110,0,0,158,88,80
13,NONE,-1,-1,-1,-1,-1,-1
14,4,58,182,50,103,263,96
15,3,100,74,125,149,134,209
16,3,0,128,67,63,176,160
17,3,135,169,67,192,232,150
18,NONE,-1,-1,-1,-1,-1,-1
19,2,0,205,70,69,256,157
20,6,0,174,0,106,230,88
21,NONE,-1,-1,-1,-1,-1,-1
22,NONE,-1,-1,-1,-1,-1,-1
23,3,193,100,0,244,210,50
24,NONE,-1,-1,-1,-1,-1,-1
25,3,149,92,125,193,145,202
26,4,0,247,0,56,316,73
27,3,182,261,136,244,310,229
28,2,0,110,0,81,205,64
29,4,99,115,0,185,168,62
30,NONE,-1,-1,-1,-1,-1,-1
31,NONE,-1,-1,-1,-1,-1,-1
32,4,58,182,96,102,252,194
33,NONE,-1,-1,-1,-1,-1,-1
34,NONE,-1,-1,-1,-1,-1,-1
35,NONE,-1,-1,-1,-1,-1,-1
36,6,68,92,0,146,172,86
37,4,0,0,0,76,51,59
38,NONE,-1,-1,-1,-1,-1,-1
39,NONE,-1,-1,-1,-1,-1,-1
40,2,68,0,0,138,90,45
41,5,83,96,96,151,186,200
42,5,180,273,168,242,314,277
43,NONE,-1,-1,-1,-1,-1,-1
44,3,90,134,185,130,218,234
45,6,0,0,74,91,81,146
46,6,146,0,61,240,62,132
47,NONE,-1,-1,-1,-1,-1,-1
48,4,54,263,156,102,316,221
49,3,170,0,0,239,100,40
50,6,163,226,0,227,299,104
51,NONE,-1,-1,-1,-1,-1,-1
52,NONE,-1,-1,-1,-1,-1,-1
53,4,58,263,50,102,316,156
54,4,51,51,83,102,110,189
55,NONE,-1,-1,-1,-1,-1,-1
56,NONE,-1,-1,-1,-1,-1,-1
57,4,51,51,0,110,115,83
58,NONE,-1,-1,-1,-1,-1,-1
59,4,158,0,0,207,79,85
60,NONE,-1,-1,-1,-1,-1,-1
61,NONE,-1,-1,-1,-1,-1,-1
62,1,180,182,45,223,270,137
63,NONE,-1,-1,-1,-1,-1,-1
64,NONE,-1,-1,-1,-1,-1,-1
65,2,106,174,0,156,284,78
66,1,56,143,106,142,190,156
67,NONE,-1,-1,-1,-1,-1,-1
68,5,82,96,200,128,188,281
69,3,135,242,145,182,296,229
70,NONE,-1,-1,-1,-1,-1,-1
71,5,180,273,69,240,316,168
72,NONE,-1,-1,-1,-1,-1,-1
73,6,0,83,172,63,169,276
74,NONE,-1,-1,-1,-1,-1,-1
75,4,105,228,0,179,313,43
76,NONE,-1,-1,-1,-1,-1,-1
77,NONE,-1,-1,-1,-1,-1,-1
78,2,0,269,0,104,311,74
79,NONE,-1,-1,-1,-1,-1,-1
80,3,170,0,104,214,43,189
81,NONE,-1,-1,-1,-1,-1,-1
82,6,0,230,181,71,296,278
83,NONE,-1,-1,-1,-1,-1,-1
84,NONE,-1,-1,-1,-1,-1,-1
85,4,0,0,152,44,47,220
86,3,0,177,154,41,240,219
87,1,0,0,102,107,53,156
88,NONE,-1,-1,-1,-1,-1,-1
89,NONE,-1,-1,-1,-1,-1,-1
90,NONE,-1,-1,-1,-1,-1,-1
91,NONE,-1,-1,-1,-1,-1,-1
92,4,0,182,0,58,247,58
93,NONE,-1,-1,-1,-1,-1,-1
94,6,146,76,0,244,142,67
95,NONE,-1,-1,-1,-1,-1,-1
96,NONE,-1,-1,-1,-1,-1,-1
97,4,0,182,58,53,235,151
98,NONE,-1,-1,-1,-1,-1,-1
99,4,105,228,141,175,296,212
100,NONE,-1,-1,-1,-1,-1,-1
101,NONE,-1,-1,-1,-1,-1,-1
102,2,0,205,0,106,269,70
103,6,142,68,225,220,170,269
104,NONE,-1,-1,-1,-1,-1,-1
105,5,0,96,95,80,199,190
106,6,0,174,88,92,228,178
107,NONE,-1,-1,-1,-1,-1,-1
108,NONE,-1,-1,-1,-1,-1,-1
109,3,0,0,0,44,79,98
110,NONE,-1,-1,-1,-1,-1,-1
111,NONE,-1,-1,-1,-1,-1,-1
112,3,47,177,0,114,240,79
113,NONE,-1,-1,-1,-1,-1,-1
114,NONE,-1,-1,-1,-1,-1,-1
115,NONE,-1,-1,-1,-1,-1,-1
116,NONE,-1,-1,-1,-1,-1,-1
117,3,104,0,172,153,52,237
118,NONE,-1,-1,-1,-1,-1,-1
119,NONE,-1,-1,-1,-1,-1,-1
120,NONE,-1,-1,-1,-1,-1,-1
121,NONE,-1,-1,-1,-1,-1,-1
122,NONE,-1,-1,-1,-1,-1,-1
123,5,203,0,58,243,43,120
124,6,106,172,81,178,226,185
125,6,0,83,0,68,174,85
126,6,63,109,194,127,169,279
127,NONE,-1,-1,-1,-1,-1,-1
128,NONE,-1,-1,-1,-1,-1,-1
129,5,95,257,156,180,316,266
130,3,0,250,162,40,295,240
131,NONE,-1,-1,-1,-1,-1,-1
132,NONE,-1,-1,-1,-1,-1,-1
133,5,0,193,209,91,302,272
134,5,0,96,190,80,193,278
135,4,179,242,76,224,308,184
136,3,0,177,0,47,279,66
137,NONE,-1,-1,-1,-1,-1,-1
138,NONE,-1,-1,-1,-1,-1,-1
139,6,0,230,0,75,314,96
140,NONE,-1,-1,-1,-1,-1,-1
141,2,130,246,102,217,316,145
142,6,0,0,0,92,83,74
143,NONE,-1,-1,-1,-1,-1,-1
144,NONE,-1,-1,-1,-1,-1,-1
145,5,93,0,0,172,75,106
146,1,103,190,0,203,246,45
147,3,193,152,50,239,207,115
148,3,0,128,0,100,177,67
149,NONE,-1,-1,-1,-1,-1,-1
150,3,0,79,187,58,121,241
151,1,56,146,0,135,190,106
152,4,179,242,184,228,309,241
153,NONE,-1,-1,-1,-1,-1,-1
154,NONE,-1,-1,-1,-1,-1,-1
155,NONE,-1,-1,-1,-1,-1,-1
156,4,67,0,80,140,47,190
157,6,92,0,107,146,88,195
158,NONE,-1,-1,-1,-1,-1,-1
159,4,105,168,120,157,218,212
160,NONE,-1,-1,-1,-1,-1,-1
161,NONE,-1,-1,-1,-1,-1,-1
162,3,0,79,83,65,125,187
163,3,0,79,0,83,128,83
164,NONE,-1,-1,-1,-1,-1,-1
165,5,0,0,0,93,96,103
166,NONE,-1,-1,-1,-1,-1,-1
167,4,58,182,0,105,282,50
168,6,0,83,85,68,171,172
169,2,156,146,0,204,240,87
170,1,0,233,0,44,314,100
171,4,0,0,59,55,50,152
172,4,0,51,0,51,127,71
173,NONE,-1,-1,-1,-1,-1,-1
174,NONE,-1,-1,-1,-1,-1,-1
175,NONE,-1,-1,-1,-1,-1,-1
176,NONE,-1,-1,-1,-1,-1,-1
177,3,149,63,202,193,162,243
178,NONE,-1,-1,-1,-1,-1,-1
179,2,150,174,87,212,237,160
180,6,146,70,145,205,141,225
181,3,44,0,72,101,58,170
182,NONE,-1,-1,-1,-1,-1,-1
183,5,98,0,209,203,57,281
184,NONE,-1,-1,-1,-1,-1,-1
185,4,99,115,62,166,157,162
186,1,107,43,57,154,136,141
187,6,0,0,229,84,78,283
188,3,135,169,150,186,220,236
189,1,0,146,0,56,233,63
190,NONE,-1,-1,-1,-1,-1,-1
191,NONE,-1,-1,-1,-1,-1,-1
192,4,140,0,157,194,74,233
193,NONE,-1,-1,-1,-1,-1,-1
194,NONE,-1,-1,-1,-1,-1,-1
195,NONE,-1,-1,-1,-1,-1,-1
196,NONE,-1,-1,-1,-1,-1,-1
197,NONE,-1,-1,-1,-1,-1,-1
198,2,81,90,0,155,174,59
199,3,135,169,0,193,242,67
200,NONE,-1,-1,-1,-1,-1,-1
201,NONE,-1,-1,-1,-1,-1,-1
202,4,0,247,150,40,299,244
203,NONE,-1,-1,-1,-1,-1,-1
204,NONE,-1,-1,-1,-1,-1,-1
205,3,193,100,199,240,209,239
206,3,88,134,125,135,175,185
207,3,100,74,0,170,169,45
208,NONE,-1,-1,-1,-1,-1,-1
209,2,106,174,78,150,246,153
210,NONE,-1,-1,-1,-1,-1,-1
211,5,83,96,0,164,191,96
212,6,178,152,81,226,226,186
213,NONE,-1,-1,-1,-1,-1,-1
214,3,104,0,0,165,58,81
215,5,95,191,69,184,271,156
216,3,170,0,40,214,83,104
217,6,146,70,67,220,142,145
218,1,44,233,0,103,310,90
219,6,146,0,0,240,76,61
220,1,135,138,0,206,182,104
221,3,170,43,104,214,92,172
222,3,0,177,66,41,250,154
223,NONE,-1,-1,-1,-1,-1,-1
224,6,106,170,185,174,226,284
225,NONE,-1,-1,-1,-1,-1,-1
226,3,44,0,0,104,74,72
227,1,154,43,57,213,116,153
228,NONE,-1,-1,-1,-1,-1,-1
229,NONE,-1,-1,-1,-1,-1,-1
230,4,0,182,151,48,228,237
231,NONE,-1,-1,-1,-1,-1,-1
232,3,135,242,61,182,309,145
233,NONE,-1,-1,-1,-1,-1,-1
234,2,0,0,53,43,104,118
235,NONE,-1,-1,-1,-1,-1,-1
236,3,104,0,81,160,56,172
237,NONE,-1,-1,-1,-1,-1,-1
238,6,0,174,178,69,224,280
239,NONE,-1,-1,-1,-1,-1,-1
240,NONE,-1,-1,-1,-1,-1,-1
241,1,103,246,0,177,317,91
242,4,179,168,56,232,237,145
243,NONE,-1,-1,-1,-1,-1,-1
244,4,179,242,0,241,317,76
245,NONE,-1,-1,-1,-1,-1,-1
246,2,156,240,0,217,300,102
247,NONE,-1,-1,-1,-1,-1,-1
248,4,0,247,73,52,314,150
249,NONE,-1,-1,-1,-1,-1,-1
250,NONE,-1,-1,-1,-1,-1,-1
251,NONE,-1,-1,-1,-1,-1,-1
252,5,192,163,0,240,258,110
253,NONE,-1,-1,-1,-1,-1,-1
254,NONE,-1,-1,-1,-1,-1,-1
255,5,0,0,212,98,96,276
256,NONE,-1,-1,-1,-1,-1,-1
257,4,105,168,69,172,222,120
258,4,105,228,43,176,310,98
259,NONE,-1,-1,-1,-1,-1,-1
260,4,185,79,44,228,128,143
261,NONE,-1,-1,-1,-1,-1,-1
262,NONE,-1,-1,-1,-1,-1,-1
263,1,0,146,63,56,229,161
264,6,68,92,86,136,152,194
265,3,0,128,160,58,175,220
266,3,47,240,0,135,293,61
267,NONE,-1,-1,-1,-1,-1,-1
268,NONE,-1,-1,-1,-1,-1,-1
269,4,179,168,0,237,242,56
270,3,193,100,50,240,152,120
271,4,52,127,127,96,168,219
272,4,0,51,139,40,115,214
273,6,0,230,96,71,309,181
274,5,161,75,100,236,163,210
275,3,47,240,61,124,285,135
276,4,194,0,157,240,62,226
277,5,128,58,210,236,163,264
278,2,81,90,59,154,170,103
279,NONE,-1,-1,-1,-1,-1,-1
280,3,47,177,79,100,238,169
281,NONE,-1,-1,-1,-1,-1,-1
282,6,92,0,0,146,92,107
283,5,95,191,156,192,257,256
284,5,192,163,212,244,273,282
285,6,106,172,0,214,226,81
286,NONE,-1,-1,-1,-1,-1,-1
287,NONE,-1,-1,-1,-1,-1,-1
288,2,155,52,0,216,146,101
289,4,105,228,98,175,294,141
290,2,68,0,45,114,69,125
291,4,0,127,53,81,167,127
292,NONE,-1,-1,-1,-1,-1,-1
293,NONE,-1,-1,-1,-1,-1,-1
294,NONE,-1,-1,-1,-1,-1,-1
295,6,92,0,195,141,109,264
296,NONE,-1,-1,-1,-1,-1,-1
297,5,81,0,106,182,68,209
298,NONE,-1,-1,-1,-1,-1,-1
299,6,0,0,146,87,80,229
300,5,95,191,0,192,292,69
301,NONE,-1,-1,-1,-1,-1,-1
302,NONE,-1,-1,-1,-1,-1,-1
303,NONE,-1,-1,-1,-1,-1,-1
304,6,174,172,186,242,223,275
305,3,156,0,189,214,63,242
306,NONE,-1,-1,-1,-1,-1,-1
307,NONE,-1,-1,-1,-1,-1,-1
308,NONE,-1,-1,-1,-1,-1,-1
309,NONE,-1,-1,-1,-1,-1,-1
310,3,47,177,169,90,236,234
311,NONE,-1,-1,-1,-1,-1,-1
312,NONE,-1,-1,-1,-1,-1,-1
313,1,0,0,0,54,54,91
314,NONE,-1,-1,-1,-1,-1,-1
315,3,193,219,61,243,272,136
316,NONE,-1,-1,-1,-1,-1,-1
317,4,49,177,194,102,263,244
318,NONE,-1,-1,-1,-1,-1,-1
319,5,192,163,110,240,264,212
320,3,44,0,170,97,57,234
321,NONE,-1,-1,-1,-1,-1,-1
322,2,0,266,74,102,311,140
323,NONE,-1,-1,-1,-1,-1,-1
324,5,203,0,120,243,41,188
325,NONE,-1,-1,-1,-1,-1,-1
326,3,193,152,115,238,203,199
327,3,0,250,66,44,308,162
328,NONE,-1,-1,-1,-1,-1,-1
329,6,141,0,223,235,65,281
330,NONE,-1,-1,-1,-1,-1,-1
331,NONE,-1,-1,-1,-1,-1,-1
332,NONE,-1,-1,-1,-1,-1,-1
333,5,164,75,0,236,160,100
334,NONE,-1,-1,-1,-1,-1,-1
335,1,107,43,0,198,138,57
336,4,0,51,71,49,123,139
337,1,103,190,45,180,230,147
338,NONE,-1,-1,-1,-1,-1,-1
339,NONE,-1,-1,-1,-1,-1,-1
340,NONE,-1,-1,-1,-1,-1,-1
341,1,90,245,91,177,317,148
342,NONE,-1,-1,-1,-1,-1,-1
343,NONE,-1,-1,-1,-1,-1,-1
344,NONE,-1,-1,-1,-1,-1,-1
345,3,193,100,120,240,143,198
346,5,0,96,0,83,206,95
347,NONE,-1,-1,-1,-1,-1,-1
348,NONE,-1,-1,-1,-1,-1,-1
349,NONE,-1,-1,-1,-1,-1,-1
350,6,156,226,192,216,295,277
351,1,0,54,0,107,146,41
352,3,0,0,98,43,66,187
353,3,135,242,0,201,312,61
354,2,146,0,103,216,70,155
355,4,51,51,189,96,111,241
356,5,0,206,110,95,283,209
357,5,203,0,0,243,56,58
358,NONE,-1,-1,-1,-1,-1,-1
359,NONE,-1,-1,-1,-1,-1,-1
360,3,100,74,45,153,150,125
361,1,154,117,104,215,182,155
362,NONE,-1,-1,-1,-1,-1,-1
363,4,140,0,85,207,79,157
364,2,0,0,0,68,110,53
365,5,0,206,0,95,294,110
366,6,75,230,169,146,286,274
367,NONE,-1,-1,-1,-1,-1,-1
368,NONE,-1,-1,-1,-1,-1,-1
369,NONE,-1,-1,-1,-1,-1,-1
370,NONE,-1,-1,-1,-1,-1,-1
371,4,49,0,190,140,48,242
372,NONE,-1,-1,-1,-1,-1,-1
373,NONE,-1,-1,-1,-1,-1,-1
374,NONE,-1,-1,-1,-1,-1,-1
375,4,182,79,143,230,146,240
376,NONE,-1,-1,-1,-1,-1,-1
377,NONE,-1,-1,-1,-1,-1,-1
378,4,179,168,145,232,227,234
379,NONE,-1,-1,-1,-1,-1,-1
380,3,201,210,0,242,272,56
381,1,0,233,100,64,302,148
382,1,54,0,0,160,43,102
383,NONE,-1,-1,-1,-1,-1,-1
384,4,105,168,0,178,228,69
385,5,203,0,188,243,48,252
386,NONE,-1,-1,-1,-1,-1,-1
387,3,193,219,136,240,261,232
388,NONE,-1,-1,-1,-1,-1,-1
389,NONE,-1,-1,-1,-1,-1,-1
390,NONE,-1,-1,-1,-1,-1,-1
391,2,0,110,64,73,175,151
392,1,160,0,0,223,40,87
393,3,0,0,187,44,65,234
394,5,0,0,103,81,90,212
395,NONE,-1,-1,-1,-1,-1,-1
396,NONE,-1,-1,-1,-1,-1,-1
397,1,0,54,99,80,113,150
398,2,138,0,0,223,52,103
399,4,185,79,0,230,168,44
400,4,0,123,127,52,173,191

